
4867 0 0

4867 32 32

4867 0 32

4867 0 0

4867 32 32

4867 0 32

4867 0 0

4867 32 32

4867 0 32

4867 0 0

4867 32 32

4867 0 32

4867 0 0

4867 32 32

4867 0 32

4866 0 0

4866 32 48

4866 0 48

4866 0 0

4866 32 48

4866 0 48

4866 0 0

4866 32 48

4866 0 48

4866 0 0

4866 32 48

4866 0 48

4866 0 0

4866 32 48

4866 0 48

4865 0 0

4865 32 32

4865 0 32

4865 0 0

4865 32 32

4865 0 32

4865 0 0

4865 32 32

4865 0 32

4865 0 0

4865 32 32

4865 0 32

4865 0 0

4865 32 32

4865 0 32

4865 0 0

4865 32 32

4865 0 32

4865 0 0

4865 32 32

4865 0 32

4865 0 0

4865 32 32

4865 0 32

4865 0 0

4865 32 32

4865 0 32

4865 0 0

4865 32 32

4865 0 32

4866 0 0

4866 32 48

4866 0 48

4866 0 0

4866 32 48

4866 0 48

4866 0 0

4866 32 48

4866 0 48

4866 0 0

4866 32 48

4866 0 48

4866 0 0

4866 32 48

4866 0 48

4867 0 0

4867 32 32

4867 0 32

4867 0 0

4867 32 32

4867 0 32

4867 0 0

4867 32 32

4867 0 32

4867 0 0

4867 32 32

4867 0 32

4867 0 0

4867 32 32

4867 0 32

4867 0 0

4867 32 32

4867 0 32

4867 0 0

4867 32 32

4867 0 32

4867 0 0

4867 32 32

4867 0 32

4867 0 0

4867 32 32

4867 0 32

4867 0 0

4867 32 32

4867 0 32

4866 0 0

4866 32 48

4866 0 48

4866 0 0

4866 32 48

4866 0 48

4866 0 0

4866 32 48

4866 0 48

4866 0 0

4866 32 48

4866 0 48

4866 0 0

4866 32 48

4866 0 48

4865 0 0

4865 32 32

4865 0 32

4865 0 0

4865 32 32

4865 0 32

4865 0 0

4865 32 32

4865 0 32

4865 0 0

4865 32 32

4865 0 32

4865 0 0

4865 32 32

4865 0 32
