
CLIENT 3 4865 4866 4867 1 772 3 23 24 25 1 1283

CLIENT 2 4866 4867 1 772 3 23 24 25 1 1283

CLIENT 2 4865 4867 1 772 3 23 24 25 1 1283

CLIENT 1 4866 1 772 3 23 24 25 1 1283

CLIENT 1 4867 1 772 3 23 24 25 1 1283

CLIENT 3 4865 4866 4867 1 772 2 24 25 1 1283

CLIENT 3 4865 4866 4867 1 772 2 23 25 1 1283

CLIENT 3 4865 4866 4867 1 772 2 23 24 1 1283

CLIENT 3 4865 4866 4867 1 772 1 23 1 1283

CLIENT 3 4865 4866 4867 1 772 1 24 1 1283

CLIENT 3 4865 4866 4867 1 772 3 23 24 25 3 1025 1281 1283

CLIENT 3 4865 4866 4867 1 772 3 23 24 25 2 1281 1283

CLIENT 3 4865 4866 4867 1 772 3 23 24 25 2 1025 1283

CLIENT 3 4865 4866 4867 1 772 3 23 24 25 2 1025 1281

CLIENT 3 4865 4866 4867 1 772 3 23 24 25 1 1025

CLIENT 3 4865 4866 4867 1 772 3 23 24 25 1 1281

CLIENT 3 4865 4866 4867 1 772 3 23 24 25 1 1283

CLIENT 2 4866 4867 1 772 2 24 25 2 1281 1283

CLIENT 3 4865 4866 4867 1 772 3 23 24 25 3 1025 1281 1283

CLIENT 1 4867 1 772 1 25 1 1283
