
4865 16 12 22

4865 16 12 1412

4865 16 12 280

4865 16 12 52

4865 16 12 24

4865 16 12 22

4865 16 12 1412

4865 16 12 280

4865 16 12 52

4865 16 12 24

4865 16 12 22

4865 16 12 1412

4865 16 12 280

4865 16 12 52

4865 16 12 24

4865 16 12 22

4865 16 12 1412

4865 16 12 280

4865 16 12 52

4865 16 12 24

4866 32 12 22

4866 32 12 1412

4866 32 12 280

4866 32 12 68

4866 32 12 24

4866 32 12 22

4866 32 12 1412

4866 32 12 280

4866 32 12 68

4866 32 12 24

4866 32 12 22

4866 32 12 1412

4866 32 12 280

4866 32 12 68

4866 32 12 24

4866 32 12 22

4866 32 12 1412

4866 32 12 280

4866 32 12 68

4866 32 12 24

4867 32 12 22

4867 32 12 1412

4867 32 12 280

4867 32 12 52

4867 32 12 24

4867 32 12 22

4867 32 12 1412

4867 32 12 280

4867 32 12 52

4867 32 12 24

4867 32 12 22

4867 32 12 1412

4867 32 12 280

4867 32 12 52

4867 32 12 24

4867 32 12 22

4867 32 12 1412

4867 32 12 280

4867 32 12 52

4867 32 12 24
