
4865 32 32 32

4865 32 32 32

4865 32 32 32

4865 32 32 32

4865 32 32 32

4865 32 32 32

4865 32 32 32

4865 32 32 32

4865 32 32 32

4865 32 32 32

4866 48 48 48

4866 48 48 48

4866 48 48 48

4866 48 48 48

4866 48 48 48

4866 48 48 48

4866 48 48 48

4866 48 48 48

4866 48 48 48

4866 48 48 48

4866 48 48 48

4866 48 48 48

4866 48 48 48

4866 48 48 48

4866 48 48 48

4866 48 48 48

4866 48 48 48

4866 48 48 48

4866 48 48 48

4866 48 48 48

4867 32 32 32

4867 32 32 32

4867 32 32 32

4867 32 32 32

4867 32 32 32

4867 32 32 32

4867 32 32 32

4867 32 32 32

4867 32 32 32

4867 32 32 32

4867 32 32 32

4867 32 32 32

4867 32 32 32

4867 32 32 32

4867 32 32 32

4867 32 32 32

4867 32 32 32

4867 32 32 32

4867 32 32 32

4867 32 32 32
