
431 12897822118983236679939055550699951056948022731662233359121349457845474942418 27368668423772121342762019124698962938628683220613980207530139822603895964039320122969484650440498076244512289765959 4275551905250047013760062970571601421368812918952467957402123456675168836245999943985759936453909743754213134767221438987008021325995417360545423404105526672 161

427 85074493438641722260883671986441681976453159690551543461792447616778319278020 16806927584809434990761888545193509717643759484909363801987407097663005237363455482540846589523581598705761224241410 2303887672239062529433670068895569539790093602356996526179560639835122695499601522012598009803685970385226538568924732840712500734894074868778747894870727726 161

427 75301068596410439059656867628804095984401894638622110508797325349497804121041 30185283405210370137201577246614627429088313710804403282961479952871771792565076501533425854688924991810634916249014 6006553129175986491959996131885989497722615058388382531556318939806891818784690783802018420646355822772326524000141884106771430127196618055801026384919090344 161

427 76542623788748366292903487831976658029420156437357825909068188977270845492671 20940898803697753372286166130767766727360862029089028564577457468346256579427373812168447105995169296920121430782386 1389763935948636190618826513520294411567942373694230600021582922014839491026069220537072082420065204707516834786252056096337016499777726808621787846485988093 161

431 2565403423276971000245288796446711248162838114145812098464686188139411653216 30212167051038990854685681664375644693850226633470637346358384324826651159956499842853599789764052547690297743018729 6431542577383750717905196749815857135491740840346401587839246390893972082516047553808201165891421879615599755978522873541075443416978541560515269841928597407 161

431 26204078049453110285995019969861585670710600226986964646976274211919645568240 15951717173204534491128135666998990172805005818185687527265895935077110256460064233644682799237570292059581173835680 4872134848114914260632796838892225476970823195273480518795680975651325263262559793825188283821760736595932140387985706023809552608383900710153863101271165443 193

431 195695346407603746888433178115904630400906284860643667704726552326605071471 34873253659305470757953575701068413455828771114140466212512361333503449174609716333762531779546218896189661176629229 3793204653308448160361034490300735149646446476652019133556362368964436902895383611354571610544290443213925580413162548744533565741447819588088370795069636553 229

427 84699761686462992182658953676739504249733094869060491313413186648524340526176 24805576439373391334830725135667671386124522085275618440997353678357928754396877334538267190053305663339110397148574 690757396351299936944146824155027447943828372747589194113120231921805445216206785731489617115884958087263269837213505245970853249393549548488591976867643645 161

427 67668201127641231085698645340881307479164928576467276457775441220306755588563 35744613469070522408861865429946779578446548994567740763926904876711268329652288919713818172378541521701822425820319 2880629230075407997875478555159859697454442025807683559949717417768041978929001602273832398528770258463502674587754726983070511529945249143791998054605201490 161

427 55138326646243834071822288138272186075906172132896664386865547692911837080819 35895826075084115790223678392545407379166713226038168215167287248742075913726123190339848768365124269462627852833325 3064347593416895728022717365523496855696530808844682269524658838991388210418669530806469676388989783135122449718555503558911709443777999763150992760982324445 161
