
4867 0 12

4867 1 12

4867 2 12

4867 3 12

4867 0 12

4867 0 12

4867 0 12

4867 0 12

4867 1 12

4867 2 12

4867 3 12

4867 0 12

4867 0 12

4867 0 12

4867 0 12

4867 1 12

4867 2 12

4867 3 12

4867 0 12

4867 0 12

4867 0 12

4866 0 12

4866 1 12

4866 2 12

4866 3 12

4866 0 12

4866 0 12

4866 0 12

4866 0 12

4866 1 12

4866 2 12

4866 3 12

4866 0 12

4866 0 12

4866 0 12

4866 0 12

4866 1 12

4866 2 12

4866 3 12

4866 0 12

4866 0 12

4866 0 12

4866 0 12

4866 1 12

4866 2 12

4866 3 12

4866 0 12

4866 0 12

4866 0 12

4866 0 12

4866 1 12

4866 2 12

4866 3 12

4866 0 12

4866 0 12

4866 0 12

4865 0 12

4865 1 12

4865 2 12

4865 3 12

4865 0 12

4865 0 12

4865 0 12

4865 0 12

4865 1 12

4865 2 12

4865 3 12

4865 0 12

4865 0 12

4865 0 12

4865 0 12

4865 1 12

4865 2 12

4865 3 12

4865 0 12

4865 0 12

4865 0 12

4865 0 12

4865 1 12

4865 2 12

4865 3 12

4865 0 12

4865 0 12

4865 0 12

4865 0 12

4865 1 12

4865 2 12

4865 3 12

4865 0 12

4865 0 12

4865 0 12

4865 0 12

4865 1 12

4865 2 12

4865 3 12

4865 0 12

4865 0 12

4865 0 12

4865 0 12

4865 1 12

4865 2 12

4865 3 12

4865 0 12

4865 0 12

4865 0 12

4865 0 12

4865 1 12

4865 2 12

4865 3 12

4865 0 12

4865 0 12

4865 0 12
