
4867 1383 1986 264

4867 1383 1986 264

4867 1383 1986 264

4867 1383 1986 264

4867 1383 1986 264

4866 1383 1986 264

4866 1383 1986 264

4866 1383 1986 264

4865 1383 1986 264

4865 1383 1986 264

4865 1383 1986 264

4865 928 1531 104

4865 928 1531 104

4865 928 1531 104

4866 928 1531 104

4866 928 1531 104

4866 928 1531 104

4867 928 1531 104

4867 928 1531 104

4867 928 1531 104

4867 1383 1986 264

4867 1383 1986 264

4867 1383 1986 264

4866 1383 1986 264

4866 1383 1986 264

4866 1383 1986 264

4865 1383 1986 264

4865 1383 1986 264

4865 1383 1986 264

4865 1383 1986 264

4867 1383 1986 264

4867 1383 1986 264

4867 1383 1986 264

4867 1383 1986 264

4867 1383 1986 264

4866 1383 1986 264

4866 1383 1986 264

4866 1383 1986 264

4865 1383 1986 264

4865 1383 1986 264

4865 1383 1986 264

4865 928 1531 104

4865 928 1531 104

4865 928 1531 104

4866 928 1531 104

4866 928 1531 104

4866 928 1531 104

4867 928 1531 104

4867 928 1531 104

4867 928 1531 104

4867 1383 1986 264

4867 1383 1986 264

4867 1383 1986 264

4866 1383 1986 264

4866 1383 1986 264

4866 1383 1986 264

4865 1383 1986 264

4865 1383 1986 264

4865 1383 1986 264

4865 1383 1986 264
