
4865 32

4865 32

4865 32

4865 32

4865 32

4865 32

4865 32

4865 32

4865 32

4865 32

4866 48

4866 48

4866 48

4866 48

4866 48

4866 48

4866 48

4866 48

4866 48

4866 48

4867 32

4867 32

4867 32

4867 32

4867 32

4867 32

4867 32

4867 32

4867 32

4867 32

4867 32

4867 32

4867 32

4867 32

4867 32

4867 32

4867 32

4867 32

4867 32

4867 32

4866 48

4866 48

4866 48

4866 48

4866 48

4866 48

4866 48

4866 48

4866 48

4866 48

4865 32

4865 32

4865 32

4865 32

4865 32

4865 32

4865 32

4865 32

4865 32

4865 32

4865 32

4865 32

4865 32

4865 32

4865 32

4865 32

4865 32

4865 32

4865 32

4865 32

4866 48

4866 48

4866 48

4866 48

4866 48

4866 48

4866 48

4866 48

4866 48

4866 48

4867 32

4867 32

4867 32

4867 32

4867 32

4867 32

4867 32

4867 32

4867 32

4867 32
